Sitename	Sitecode	Realm	TropicalSubtropicalCold	Code_Region	Code_Province	Code_SubProvince	Region	Province	SubProvince	Latitude	Longitude	Sstmean	Sstmin	Sstmax	Refugia_isolation	Sst_Past	Meansurface	Chla_Mean	Distance_BC	Isol_habitat	Geology	Surface_area_present	Area_Iso_50mt	Shallow_Reef_area_50mt	Area_Iso_200mt	Shallow_Reef_area_200mt	Surface_area_past	Area_sub_past_50mt	Area_sub_past_200mt	Age_Ma
Aldabra	ald	Indian	T	WI	WI	WII	West_Indian	West_Indian	West_Indian_Isl	-9,424537	46,355643	27	24	29,30375	68,22809794	26,321879	0	0,044428	7579	394,4222841	oceanic	332,5311	408,3689	75,83778	550,783	218,2519	447,5596	46,69359	169,3686	2,58
Ambon_islands	amb	Pacific	T	CIP	CIP	TRIA	Central_Indo_Pac	Central_Indo_Pac	Coral_Triangle	-3,599367	128,386728	28,06652	26	30	1,111408571	27,78056	70,857143	0,064836	1881	271,1212679	oceanic	810,462	1236,084	425,6216	1626,01	815,5478	1408,715	131,6221	447,904	3,4
Andaman_Nicobar	and	Indian	T	CIP	CIP	AND	Central_Indo_Pac	Central_Indo_Pac	Andaman_Sea	11,429107	92,97944	29	27	30,21262	15,79016115	25,77793	27,142857	0,047449	2649	363,9421429	oceanic	5780,785	12490,65	6709,869	17063,96	11283,18	16538,81	363,0658	1332,031	2,8
Ascension	asc	Atlantic	S	WA	AI	AI	West_Atl	Atl_Isl	Atl_Isl	-7,938547	-14,367347	25	23,901997	27,195863	612,358209	22,76682	0	0,031515	6120	1658,899	oceanic	99,48443	50,98	48,50443	207,748	108,263	174,509	20,881	77,98388	1,15
Australes_Islands	aus	Pacific	S	CP	PO	SPO	Central_Pac	Polynesia	South_Polyn	-23,371203	-149,166008	25	22,95695	27	252,3462781	25,04933	0	0,02	10100	447,7363828	oceanic	45,70379	145,3258	99,62202	183,2366	137,5328	164,2802	13,4275	53,1193	8,74
Azores	azo	Atlantic	C	EA	NEA	NEAI	East_Atl	North_East_Atl	North_East_Atl	38,2	-26,8	18	15	23	700	15,28669	0	0,04818	4796,18	1187,51	oceanic	1141,854	1487,553	345,6988	2224,411	1082,556	1912,753	225,1014	727,7064	22,57
Baker_and_Howland	bak	Pacific	T	CP	CP	WPO	Central_Pac	Central_Pac	West_Polyn	0,411524	-176,524819	28	26,16563	29	181,1979305	26,78435	0	0,043807	7050	520,9079771	oceanic	1,635425	1,936243	0,30008182	5,80873	4,173306	2,796796	1,936244	6,239008	70,1
Bermuda	ber	Atlantic	S	WA	CAR	CAR	West_Atl	Caraibes	Caraibes	32,367036	-64,813618	22,59128	18,54527	27,91581	680	20,3802	0	0,066055	2065	1132,788	oceanic	68,2596	768,2169	699,9573	841,6343	773,3747	813,8318	18,53799	54,69573	47
Cabo_Verde	cab	Atlantic	S	EA	EA	EA	East_Atl	East_Atl	East_Atl	15,633885	-23,25624	24	22	27	700	22,07102	0	0,049297	4566	711,736	oceanic	4085,01517	6301,566	2216,55083	9362,068	5277,05283	8417,282	612,5297	1975,907	9,09
Canaries	can	Atlantic	C	EA	EA	EA	East_Atl	East_Atl	East_Atl	28,390059	-15,315743	20,93477	18	23	700	18,1563	0	0,036098	5542	227,1758	oceanic	7698,612	9607,233	1908,621	13067,68	5368,066	12115,68	693,9567	1841,173	14,5
Carajos_Island	car	Indian	T	WI	WI	WII	West_Indian	West_Indian	West_Indian_Isl	-16,564189	59,611369	26	23,17062	28,91155	173,2846582	25,46789	0	0,07659	6263,7	420,49	oceanic	297,5416	1193,281	895,7392	2114,886	1817,344	1947,789	147,5348	199,4216	30
Chagos	cha	Indian	T	WI	WI	MLC	West_Indian	West_Indian	Maldives_Chagos_Lakk	-6,196148	71,965425	28	27	30	34,8741041	27,47744	17,428571	0,045506	5113	787,7702991	oceanic	105,1241	11914,26	11809,11	17759,52	17654,37	16605,67	720,3388	2692,108	48
Christmas_Indian_Ocean	chr	Indian	T	CIP	CIP	AND	Central_Indo_Pac	Central_Indo_Pac	Andaman_Sea	-10,506202	105,639351	27,09314	25,033641	29,09314	27,47576465	26,256736	3,428571	0,037974	2979	367,187	oceanic	138,813	243,9041	105,0911	322,3844	183,5713	283,2502	24,53811	96,24955	43
Chuuk	chu	Pacific	T	CP	CP	MICR	Central_Pac	Central_Pac	Micronesia	7,321871	151,903654	29	28	30	0,555351911	27,63861	41,571429	0,047822	3043	280,9014717	oceanic	92,64033	1152,222	1059,582	1393,551	1300,911	1373,918	12,80407	35,21059	14,3
Clipperton	cli	East_Pacific	T	EP	OI	OI	East_Pac	East_Pac_Ocean_Is	East_Pac_Ocean_Is	10,298051	-109,218277	28	27	29	461,293651	25,98706	0,571429	0,041273	2651	1061,615814	oceanic	6	10,656693	4,656693	25,39976	18,399	16,08681	4,233241	21,58893	31
Cocos_Keeling	cocn	Indian	T	CIP	CIP	AND	Central_Indo_Pac	Central_Indo_Pac	Andaman_Sea	-12,154652	96,871555	27	26	29	57,72393367	25,90854	0	0,062184	3676	998,4512517	oceanic	20,53924	98,42179	77,88796	133,7595	113,2203	122,1922	7,992058	33,65125	4
Cocos_TEP	cot	East_Pacific	T	EP	OI	OI	East_Pac	East_Pac_Ocean_Is	East_Pac_Ocean_Is	5,530041	-87,054767	27,43758	26	29	431,599426	26,00099	0	0,048358	475	564,5243376	oceanic	24,32842	110,2827	85,95431	200,4375	176,1091	173,8832	17,13171	55,25012	2,2
Comores_Mayotte_and_around	com	Indian	T	WI	WI	WII	West_Indian	West_Indian	West_Indian_Isl	-12,369708	44,293231	27,98514	25	30	68,22809794	25,890763	0,428571	0,037336	7879	279,43189	oceanic	1820,322	2469,203	648,8806	2996,185	1175,863	2779,682	146,6413	464,1652	15
Cook_islands	coo	Pacific	T	CP	PO	NPO	Central_Pac	Polynesia	South_Polyn	-19,875123	-159,833713	26,02277	25	28	63,16475613	26,85134	0,714286	0,02	9000	352,0832221	oceanic	68,27114	108,4891	40,21795	136,966	68,69489	121,9253	9,626125	33,08867	18,5
Desventuradas	childes	Pacific	S	CP	EP	EP	Central_Pac	Easter_Isl	Easter_Isl	-26,3	-80	19	17	21,58369	700	18,79129	0	0,03211	3600	1950,263854	oceanic	6,669643	120,3507	113,681	314,1342	307,4645	203,0784	82,90281	162,733	3
Easter_island	eas	Pacific	T	CP	EP	EP	Central_Pac	Easter_Isl	Easter_Isl	-27,129	-109,344159	22,022722	20	25,024665	700	22,46546	0	0,020015	13960	1936,888978	oceanic	171,4928	172,1425	0,6497345	242,3846	70,89179	196,0695	33,68313	87,85188	10
F_Noronha	nor	Atlantic	T	WA	TSWA	BRAC	West_Atl	Brazil	Brazil_Cont	-3,85357	-32,405443	27	26	28,21085	371,9014215	26,34142	0	0,029789	4441	381,73	oceanic	17,62561	115,2683	97,64269	199,4134	181,7878	173,8696	18,8895	51,51668	12,3
Fiji	fij	Pacific	T	CP	SWP	MELA	Central_Pac	SW_Pac	Melanesia	-17,250672	178,341042	27	25	29	16,34357117	27,1787	8,142857	0,049056	6581	286,3547581	oceanic	18270			18270				18270	28
Galapagos	gal	East_Pacific	S	EP	OI	OI	East_Pac	East_Pac_Ocean_Is	East_Pac_Ocean_Is	-0,625415	-90,583904	23	20,26406	25,65805	525,4739932	24,15806	0	0,100432	1204	570,8812312	oceanic	7993,818	9447,424	1453,606	16036,41	8042,592	12139,83	2549,968	7845,565	3,31
Gambier	gam	Pacific	T	CP	PO	SPO	Central_Pac	Polynesia	South_Polyn	-23,166516	-134,917014	25	23	27	181,8878526	25,196898	0	0,04702	11550	4998,175	oceanic	26,67136	494,5327	467,8613	567,5287	540,8574	543,5923	16,81418	47,87091	19,44
Guadalupe_island	guadm	East_Pacific	S	EP	CEP	MAM	East_Pac	Central_East_Pac	Middle_Amer	29,0206	-118,1637	25	19,97438	31	680	21,72192	0	0,101059	12012,6	271,383	oceanic	318,8471	326,7183	7,871231	443,7431	124,896	394,6512	31,97492	96,86851	7
Hawaii_main	haw	Pacific	T	CP	HW	HW	Central_Pac	Hawaii	Hawaii	21,117239	-157,62638	25	24	27	497,0700119	27,0466	0	0,024953	9400	3699,228	oceanic	16944,63	26612,2	9667,574	34556,24	17611,61	32066,48	1720,636	38777,32	25
Ifaluk_and_around	ifa	Pacific	T	CP	CP	MICR	Central_Pac	Central_Pac	Micronesia	7,902329	145,154046	29	28	30	2,780285747	27,69828	64,142857	0,025	2348	305,435342	oceanic	1,529437	66,58432	65,05488	110,5467	109,0172	88,35208	15,15194	41,82887	12,7
Jonston_atoll	jon	Pacific	T	CP	HW	HW	Central_Pac	Hawaii	Hawaii	16,738168	-169,50824	26	25	27,84068	281,4766136	27,79352	0	0,04226	7910	906,5433267	oceanic	2,590828	88,18542	85,59459	100,1359	97,54502	94,36691	4,120681	11,74404	85
JFernandez_islands	chilsf	Pacific	S	CP	EP	EP	Central_Pac	Easter_Isl	Easter_Isl	-26,319047	-79,996872	19	17	21,58369	700	18,79129	0	0,03211	3600	670	oceanic	152,0491	192,05	40,00091	620,4372	468,3881	286,3903	229,3334	520,7468	1,4
Kapingamangari	kap	Pacific	T	CP	CP	MICR	Central_Pac	Central_Pac	Micronesia	0,990473	154,773095	30	29	30	0	27,39202	8	0,03787	3496	436,8887956	oceanic	2,480945	97,01103	94,53008	119,3816	116,9006	109,2718	7,09836	25,38199	
Kermadec	ker	Pacific	S	CP	SWP	SOUI	Central_Pac	SW_Pac	South_Pac_Isl	-29,26778	-177,935664	21	17,896564	24	151,7267834	20,670559	0	0,033789	7330	892,0810649	oceanic	50,22869	112,83	62,60131	340,5258	290,2971	179,5944	100,3586	377,8504	2
Kosrae	kos	Pacific	T	CP	CP	MICR	Central_Pac	Central_Pac	Micronesia	5,322396	162,998748	29	28,147385	30	3,001902	27,385425	16,857143	0,025061	4129	459,6862583	oceanic	127,3829	223,8539	69,47102	267,3399	139,957	248,4889	11,56747	49,69843	2
La_Reunion	reu	Indian	T	WI	WI	WII	West_Indian	West_Indian	West_Indian_Isl	-21,080845	55,518122	25,364905	23	28,214605	309,433299	23,612985	0	0,033729	7388	702,414	oceanic	2511	2579,048	68,048	2794,667	136,437	2725,012	46,76745	185,4792	3
Laccadives	lac	Indian	T	WI	WI	MLC	West_Indian	West_Indian	Maldives_Chagos_Lakk	12,253101	72,372939	28,13783	27	30	26,26811079	27,18515	56	0,043051	4642	307,163259	oceanic	23,16791	865,8629	842,725	1235,031	1211,863	1061,981	106,9171	393,6384	60
Line_islands	lin	Pacific	T	CP	PO	NPO	Central_Pac	Polynesia	North_Polyn	3,524321	-159,195413	27	26	28	218,1593587	26,46997	0	0,041	8980	689,7684416	oceanic	743,9505	1059,968	316,0176	1252,994	509,0435	1165,937	53,09367	198,6174	91,2
Lord_Howe	lor	Pacific	S	CP	SWP	SOUI	Central_Pac	SW_Pac	South_Pac_Isl	-31,616943	159,14115	21	19	24	215,1941194	20,58995	0	0,043712	6338	578,657	oceanic	12,66423	231,7248	219,0605	274,0726	261,4084	270,5916	2,198633	6,229134	15,97
Loyalty_islands	loy	Pacific	T	CP	SWP	MELA	Central_Pac	SW_Pac	Melanesia	-20,80298	166,933618	25,88583	23	28	204,54692	26,87846	0	0,032696	5882	270,3087462	oceanic	2250,24	4194,577	1944,337	4696,55	2446,31	4484,51	134,1337	671,2609	2
Madagascar	mada	Indian	T	WI	WI	WII	West_Indian	West_Indian	West_Indian_Isl	-20	49	26	24	28,87298	272,090105	24,06233	0	0,045339	7553	293,8121142	fragment	596097,7								3,25
Maldives	mald	Indian	T	WI	WI	MLC	West_Indian	West_Indian	Maldives_Chagos_Lakk	3,835102	73,171523	29	28	30	22,31312181	26,74092	38,428571	0,053103	4696	505,7164378	oceanic	42177,6	23828,76	18348,84	30797	11380,6	27486,42	2027,498	12315,76	4
Malpelo	malp	East_Pacific	T	EP	OI	OI	East_Pac	East_Pac_Ocean_Is	East_Pac_Ocean_Is	3,995006	-81,607617	26,02588	26	27	365,2583927	26,20281	0	0,06519	366	369,0467926	oceanic	0,621658	6,009258	5,3876	31,54869	30,92704	17,1694	9,657767	33,69473	17,3
Mariana_North	marn	Pacific	T	CP	CP	MICR	Central_Pac	Central_Pac	Micronesia	17,723931	145,712363	28	26,05776	29,05776	47,79130016	27,90925	4,857143	0,023914	2597	571,1467776	oceanic	502,747	721,2707	218,5237	1289,956	787,209	1037,869	163,0361	629,6328	5
Mariana_South	mars	Pacific	T	CP	CP	MICR	Central_Pac	Central_Pac	Micronesia	14,068182	145,124571	28	27	29,80919	46,45644539	27,92115	0,428571	0,020961	2474	499,5638927	oceanic	664,5264	629,8308	34,69563	712,261	47,73458	673,9738	23,8579	116,5225	30
Marquesas	marq	Pacific	T	CP	PO	MQ	Central_Pac	Polynesia	Marquesas	-9,379439	-139,522981	28	27	28	148,4510166	27,56238	0	0,044781	11200	621,83399	oceanic	1093,434	1628,481	565,0463	2855,661	1762,226	2582,346	185,8198	3186,798	40
Marshall_islands	mari	Pacific	T	CP	CP	MICR	Central_Pac	Central_Pac	Micronesia	9,122088	168,294995	28	27	29	2,221407645	28,111	48	0,022	5570	258,5795678	oceanic	181,43	14987,86	14806,43	20319,6	20138,17	18699,82	1048,77	604,4518	70
Mauritius	maurs	Indian	T	WI	WI	WII	West_Indian	West_Indian	West_Indian_Isl	-20,189823	57,610432	25,416728	23	28	321,6474317	23,97766	0	0,029776	7202	885,893	oceanic	2066,138	2743,926	677,7882	3316,679	1250,541	3105,63	137,2032	547,0948	48,94
New_Caledonia_Main_island	ncm	Pacific	T	CP	SWP	MELA	Central_Pac	SW_Pac	Melanesia	-20,630522	164,88476	26	23	28,46401	179,7330272	27,099107	0	0,066328	5910	282,4544712	oceanic	19326,28	40190,5	20864,22	49329,29	30003,01	46917,19	1602,194	5737,15	5,3
Niue	niu	Pacific	T	CP	CP	MICR	Central_Pac	Central_Pac	Micronesia	-19,053006	-169,887199	27	25	28,448147	177,7537734	26,772642	0	0,022482	7930	2443,137	oceanic	254,0791	264,5619	10,48276	286,1172	32,03811	276,9666	6,709826	26,02812	3,4
Norfolk	norf	Pacific	S	CP	SWP	SOUI	Central_Pac	SW_Pac	South_Pac_Isl	-29,05248	167,956666	21	18	23,20646	151,7267834	22,65203	0	0,044852	5281,83	1354	oceanic	63,43076	754,588	691,1573	2327,061	2263,631	2142,427	125,6602	380,4183	3
Ogasawara	oga	Pacific	T	CIP	CIP	JAP	Central_Indo_Pac	Central_Indo_Pac	Japan	26,09713	141,920061	25	21	28	196,883015	25,66557	0	0,028101	2921,6	1000	oceanic	79,74193	426,1667	346,4247	2010,199	1930,457	841,4594	692,6887	2228,662	48
Palau	pal	Pacific	T	CP	CP	MICR	Central_Pac	Central_Pac	Micronesia	7,621375	134,500241	29,16946	28	30,10516	4,46262394	28,302093	18,571429	0,112287	1390	451,0411066	oceanic	488	2592,014	2104,014	3156,843	2668,843	2923,664	153,5262	536,2149	37,7
Phoenix	pho	Pacific	T	CP	CP	WPO	Central_Pac	Central_Pac	West_Polyn	-3,551991	-171,709499	28	27,86523	29	177,6234411	27,09437	11,142857	0,037031	9400	440,4324395	oceanic	91,27102	243,7259	152,4549	351,9507	260,6797	300,8451	36,93154	115,7369	4
Pitcairn_and_Dulcie	pit	Pacific	T	CP	PO	SPO	Central_Pac	Polynesia	South_Polyn	-24,454946	-127,36798	24	22	26,38767	700	24,26514	0	0,019	12010	5380,918	oceanic	53,87798	94,96216	41,08418	155,5604	101,6824	122,48408	21,48408	80,52272	18,44
Pohnpei	poh	Pacific	T	CP	CP	MICR	Central_Pac	Central_Pac	Micronesia	6,84659	158,149036	29	28,142566	30,106364	1,110703822	27,665692	20	0,035588	3683	360,4621192	oceanic	348,5599	735,8038	387,244	896,2216	547,6618	832,9932	42,29407	137,3513	8,7
Principe	prin	Atlantic	T	EA	EA	EA	East_Atl	East_Atl	East_Atl	1,615406	7,415051	27	25	28,75147	466,3596167	21,40257	2,285714	0,056884	7730	229,296	oceanic	190,8157	443,007	252,1913	722,5815	531,7658	674,1947	32,90296	86,66586	15,7
Rapa_island	rap	Pacific	S	CP	PO	SPO	Central_Pac	Polynesia	South_Polyn	-27,607751	-144,340118	22	19,162229	25,115768	700	22,655915	0	0,022155	10570	568,7182491	oceanic	41,8078	82,16754	40,35974	121,4405	79,6327	102,1859	12,85215	51,66113	22,47
Revillagigedos	rev	East_Pacific	S	EP	OI	OI	East_Pac	East_Pac_Ocean_Is	East_Pac_Ocean_Is	18,770007	-111,605843	25,31544	24	28	206,5073058	22,97575	0	0,033	3166	545,8865603	oceanic	175,134	231,8292	56,6952	337,1187	161,9847	280,9017	37,68237	128,5379	10
Rodrigues_island	rod	Indian	T	WI	WI	WII	West_Indian	West_Indian	West_Indian_Isl	-19,743539	63,354085	25,2736	23	28,06733	181,4272101	24,91699	0	0,079437	6680	1484,472	oceanic	117,093	474,2958	357,2028	595,6188	478,5258	583,6738	8,098519	18,0181	1,5
Rotuma_island	rot	Pacific	T	CP	CP	WPO	Central_Pac	Central_Pac	West_Polyn	-12,50145	177,062472	29	28	30	168,0359551	28,136082	22	0,025629	6153	300,5267311	oceanic	47,33286	153,5389	106,206	202,8965	155,5336	182,7337	14,07187	47,46651	1,5
Sala_y_Gomez	sal	Pacific	T	CP	EP	EP	Central_Pac	Easter_Isl	Easter_Isl	-26,471633	-105,362772	22	20	25	700	22,58168	0	0,02	14300	2146,403256	oceanic	0,1631305	4,23674	4,073609	53,34754	53,18441	36,78537	11,36238	29,46552	1,7
Samoa	sam	Pacific	T	CP	CP	WPO	Central_Pac	Central_Pac	West_Polyn	-13,877556	-171,720956	29	27,66171	29,93258	166,4724769	28,34218	36,428571	0,032226	7680	321,6684745	oceanic	2960,114	3563,922	603,8084	4636,631	1676,518	4240,15	265,3055	684,7714	23
Sao_Tome	sat	Atlantic	T	EA	EA	EA	East_Atl	East_Atl	East_Atl	0,190507	6,61485	27	25	28,75147	319,2474564	21,40257	2,285714	0,056884	7730	257,35	oceanic	953,1159	1226,713	263,5973	1406,568	443,4525	1336,649	47,33025	158,7713	31
Society_islands	soi	Pacific	T	CP	PO	NPO	Central_Pac	Polynesia	South_Polyn	-16,995883	-151,208479	28	26	29	239,4287581	28,18167	2,142857	0,023795	9950	360,3306027	oceanic	1538,158	2179,942	641,7838	2484,214	946,0557	2405,943	53,20678	195,4017	4,5
Socotra	soc	Indian	T	WI	NWI	NWI	West_Indian	NW_Indian	NW_Indian	12,390342	53,949237	26,486065	23,017635	29,40814	142,2223068	26,49529	0	0,096284	6387	346,1917295	oceanic	3927,956	6097,524	2169,568	9357,019	5429,063	7986,614	885,071	2705,125	12
Solomon_islands	sol	Pacific	T	CIP	CIP	PNG	Central_Indo_Pac	Central_Indo_Pac	Papua_NG	-8,206913	158,729101	29,86021	29	30	0	27,26588	64	0,042222	4393	290,444445	oceanic	37113,24	57104,78	19991,54	73840,32	36727,08	68149	3810,011	12064,54	45
St_Helena	shel	Atlantic	S	WA	AI	AI	West_Atl	Atl_Isl	Atl_Isl	-15,968652	-5,709634	22,103267	20,103267	25	700	19,652453	0	0,038543	7416	1885,094	oceanic	128,3399	90,88	45,17621	264,3	135,9601	272,6073	53,56571	136,5067	14
St_Pauls_Rocks	spa	Atlantic	T	WA	TSWA	BRAI	West_Atl	Brazil	Brazil_Isl	0,863573	-29,381577	27	26	28	667,693538	24,46956	0	0,039525	4405	1485,305891	oceanic	0,01422253	1,1	1,08577747	3,5	3,48577747	272,6073	53,56571	136,5067	15,5
Tonga	ton	Pacific	T	CP	SWP	MELA	Central_Pac	SW_Pac	Melanesia	-20,034508	-174,622354	26	24	28	151,7267834	25,88714	0	0,059467	7420	360,0993306	oceanic	748	5632,906	4884,906	8695,885	7947,885	7287,103	871,0077	3686,565	6
Trindade	tri	Atlantic	T	WA	TSWA	BRAI	West_Atl	Brazil	Brazil_Isl	-20,545265	-29,19413	25	23	27,79616	458,7471332	24,55419	0	0,023056	6042	1531,890329	oceanic	10,22816	31,03103	20,80287	87,24501	77,01685	60,9244	16,92444	49,16041	3,7
Tuamotu_islands	tua	Pacific	T	CP	PO	NPO	Central_Pac	Polynesia	South_Polyn	-16,289641	-144,571515	28	26	29	151,3051813	28,25883	0	0,024817	10560	271,891186	oceanic	3888,842	12512,46	8624,621	17049,54	13160,69	15210,86	1196,988	3943,822	41,8
Tuvalu_Gilbert	tuv	Pacific	T	CP	CP	WPO	Central_Pac	Central_Pac	West_Polyn	-7,895888	178,417925	29,9013	29	30	1,6660558	27,85618	39	0,030522	5950	376,5852664	oceanic	9,310628	46,05982	36,74919	58,15863	48,848	52,42753	4,669797	14,00909	3,9
Vanuatu	van	Pacific	T	CP	SWP	MELA	Central_Pac	SW_Pac	Melanesia	-16,275453	167,949552	27,963348	26	29,750642	31,27821459	27,60447	0,857143	0,031809	5634	323,2106114	oceanic	12770,54	16624,11	3853,567	21050,24	8280,696	18867,25	1386,975	5585,755	11
Wake	wak	Pacific	T	CP	CP	MICR	Central_Pac	Central_Pac	Micronesia	19,319335	166,629521	27	26	29	73,82916804	27,82468	0	0,033562	4568	908,7406372	oceanic	19,6364	17,46251	2,173883	24,16313	4,526734	21,72657	2,030488	6,091442	76,26
Wallis_island	wal	Pacific	T	CP	CP	WPO	Central_Pac	Central_Pac	West_Polyn	-13,285958	-176,181132	29	28	29,83765	171,6795314	28,27667	62,428571	0,052136	7180	266,788386	oceanic	80,89348	222,1486	141,2551	276,7938	195,9003	248,9481	18,00617	70,97645	0,5
Yap	yap	Pacific	T	CP	CP	MICR	Central_Pac	Central_Pac	Micronesia	9,508304	138,118898	29	27,859759	29,798993	8,98246193	28,09482	15,714286	0,027898	1732	426,7740528	oceanic	140,9391	204,5251	63,58603	316,548	175,6089	269,6601	30,12754	10,8166	10,9